0101000011000110
0000000000000000
0000000000000000
0000000000000000
0000000000000000
0111000011000011
0000000000000000
0000000000000000
0110000000001010
0110000000101110
1000110011001111
1100101101010000
1000000001110100
1110011101110110
0101011101010111
0000000000000000
0000000000000000
0000000000000000
0000000000000000
0111000001110011
0000000000000000
0000000000000000
0110000000011000
0110000000100010
1111000100010011
0010001000010010
1000000001111111
1000000010001111
1110011001100100
0010011010000110
1110011101110100
1110011101110100
1101101101110000
0110000000101100
1110001100110010
0100010000110100
1000000001110111
1110011101110001
0000000000000000
1000011101110001
1110011110000100
0000000000000000
0010011110000111
1101101101110000
1000101110110010
0110000000000000
